Ticker,Previous Close,Volume,Market Cap,Total Debt,Net Receivables,Inventory,Property Plant and Equipment,Total Liabilities,Shares Outstanding,Beta,PE Ratio (TTM),EPS (TTM),Dividend,Dividend %,Cash/sh,Cash And Cash Equivalents,NET-NET
AAXJ,70.95,1133765.0,1620000000.0,2500000000.0,194478000.0,34700000.0,4003101000.0,3165606000.0,25570000.0,1.34,9.26,6.84,0.0,0.0,0.0,280809000.0,50.11781384434885
CSX,73.05,7396860.0,63543000000.0,13790000000.0,970000000.0,372000000.0,31764000000.0,21018000000.0,858810000.0,1.09,10.66,6.94,0.0,0.0,0.0,401000000.0,14.043269174788373
GNTX,22.72,1868486.0,6051000000.0,23120000.0,231121788.0,216765583.0,492479330.0,302535651.0,268920000.0,1.34,14.32,1.57,0.0,0.0,0.0,569734496.0,3.8725357262382873
GSM,8.32,1363465.0,1453000000.0,631280000.0,133193000.0,361231000.0,789390000.0,1062499000.0,171980000.0,1.61,13.72,0.62,0.0,0.0,0.0,184472000.0,1.1156718804512151
IRDM,20.25,2914647.0,2221000000.0,2030000000.0,68031000.0,20068000.0,3210162000.0,2185582000.0,110750000.0,2.39,13.92,1.44,0.0,0.0,0.0,285873000.0,12.383839729119641
JBLU,19.91,4193625.0,6223000000.0,1360000000.0,245000000.0,55000000.0,7845000000.0,4947000000.0,312850000.0,0.1,7.75,2.57,0.0,0.0,0.0,303000000.0,10.906984177720952
MU,46.06,86689373.0,51890000000.0,7350000000.0,3725000000.0,3123000000.0,19431000000.0,15866000000.0,1160000000.0,1.01,4.49,9.97,0.0,0.0,0.0,5109000000.0,11.232112068965517
STLD,46.35,4616299.0,10706000000.0,2370000000.0,868837000.0,1519347000.0,2675904000.0,3549424000.0,234790000.0,1.34,10.38,4.39,0.0,0.0,0.0,1028649000.0,6.671622513735678
TTMI,17.35,1113117.0,1795000000.0,1600000000.0,483903000.0,294588000.0,1056845000.0,1770502000.0,103670000.0,1.74,12.92,1.34,0.0,0.0,0.0,409326000.0,1.9860157229671072
TVIX,26.29,7938156.0,1306000000.0,7330000.0,277534000.0,17814000.0,405438000.0,359447000.0,44760000.0,0.35,8.02,3.64,0.0,0.0,0.0,5637000.0,6.0028038427167125
UNFI,33.85,7077818.0,1563000000.0,482160000.0,525636000.0,1031690000.0,602090000.0,1204642000.0,50460000.0,1.59,9.19,3.37,0.0,0.0,0.0,15414000.0,6.399801823226317
WERN,36.6,1268291.0,2550000000.0,95000000.0,331854000.0,11694000.0,1346863000.0,623209000.0,71640000.0,0.92,11.23,3.17,0.0,0.0,0.0,13626000.0,13.847257118927974
BCC,39.35,1182097.0,1484000000.0,456670000.0,256177000.0,476673000.0,565792000.0,932644000.0,38890000.0,3.44,11.6,3.29,0.0,0.0,0.0,177140000.0,6.190723836461816
BTU,41.84,2278460.0,4814000000.0,1400000000.0,552100000.0,291300000.0,5111900000.0,4525400000.0,114600000.0,-0.13,7.42,5.66,0.0,0.0,0.0,1012100000.0,18.833551483420592
CHL,48.75,1047747.0,199352000000.0,0.0,57094000000.0,10222000000.0,726141000000.0,533232000000.0,20480000000.0,0.63,11.13,4.35,0.0,0.0,0.0,120636000000.0,17.6502197265625
CHS,8.56,3856288.0,1050000000.0,61250000.0,8479000.0,233726000.0,421038000.0,431223000.0,125700000.0,0.54,11.83,0.71,0.0,0.0,0.0,160071000.0,2.172698886237072
CNX,14.7,6149557.0,3113000000.0,2350000000.0,237248000.0,10742000.0,5789753000.0,3032014000.0,213060000.0,0.14,4.02,3.64,0.0,0.0,0.0,509167000.0,16.19362151506618
CSX,73.05,7396860.0,63543000000.0,13790000000.0,970000000.0,372000000.0,31764000000.0,21018000000.0,858810000.0,1.09,10.66,6.94,0.0,0.0,0.0,401000000.0,14.043269174788373
CVI,38.27,1667531.0,3405000000.0,1170000000.0,193500000.0,385200000.0,2571800000.0,2102700000.0,86830000.0,1.95,10.03,3.91,0.0,0.0,0.0,481800000.0,14.840780836116547
CVRR,18.3,1512831.0,2738000000.0,540000000.0,171400000.0,331200000.0,1478800000.0,1023100000.0,147600000.0,2.13,8.95,2.07,0.0,0.0,0.0,173800000.0,6.257791327913277
DHI,42.54,5058405.0,15963000000.0,3090000000.0,112700000.0,9237100000.0,194400000.0,4437000000.0,376400000.0,1.2,12.44,3.41,0.0,0.0,0.0,973000000.0,3.808382040382572
DKS,37.14,2941549.0,3830000000.0,171060000.0,64540000.0,1711103000.0,1677340000.0,2262438000.0,76530000.0,0.13,11.73,3.23,0.0,0.0,0.0,101253000.0,5.4895008493401285
DM,17.9,1367196.0,2273000000.0,802300000.0,46200000.0,31400000.0,6687400000.0,1085100000.0,126610000.0,2.54,12.72,1.41,0.0,0.0,0.0,11000000.0,44.73303846457625
EC,24.81,1639531.0,1019000000000.0,14050000000.0,6724292000000.0,4601396000000.0,82712639000000.0,69631713000000.0,41120000000.0,1.73,13.47,1.84,0.0,0.0,0.0,7945885000000.0,689.9496108949417
EZU,41.98,3348432.0,1199000000.0,1550000000.0,225061000.0,81336000.0,3092372000.0,3019571000.0,46520000.0,0.23,12.99,1.99,0.0,0.0,0.0,115513000.0,8.550682502149611
FCX,14.39,52922206.0,21170000000.0,11130000000.0,1571000000.0,3893000000.0,22844000000.0,26006000000.0,1450000000.0,2.56,7.37,1.98,0.0,0.0,0.0,4447000000.0,3.0412068965517243
FSM,4.51,1470527.0,698999000.0,39600000.0,35251000.0,17753000.0,430276000.0,143064000.0,159800000.0,-0.03,10.07,0.43,0.0,0.0,0.0,183074000.0,3.163959637046308
GBX,59.95,1077486.0,1941000000.0,458170000.0,276150000.0,400127000.0,428021000.0,1182664000.0,32190000.0,2.07,13.4,4.5,0.0,0.0,0.0,611466000.0,8.201273687480585
GCA,59.95,1077486.0,1941000000.0,458170000.0,276150000.0,400127000.0,428021000.0,1182664000.0,32190000.0,2.07,13.4,4.5,0.0,0.0,0.0,611466000.0,8.201273687480585
HCC,26.41,1381504.0,1371000000.0,468120000.0,132228000.0,54294000.0,666749000.0,580292000.0,52790000.0,0.76,2.82,9.2,0.0,0.0,0.0,35470000.0,4.702500473574541
HCLP,12.15,2426807.0,1125000000.0,194870000.0,139448000.0,44272000.0,899158000.0,327505000.0,89670000.0,1.32,6.02,2.08,0.0,0.0,0.0,5662000.0,7.851421880227503
HFC,65.94,5066070.0,11683000000.0,2390000000.0,765070000.0,1630092000.0,4713274000.0,4795214000.0,174690000.0,0.97,8.49,7.87,0.0,0.0,0.0,630757000.0,11.092023012193026
KGC,3.01,23375668.0,3721000000.0,1730000000.0,84600000.0,1094300000.0,4887200000.0,3538000000.0,1250000000.0,0.39,9.55,0.31,0.0,0.0,0.0,1025800000.0,2.38848
LPI,8.69,9478989.0,2030000000.0,902750000.0,100004000.0,9148000.0,1768385000.0,1257710000.0,230710000.0,2.35,3.86,2.28,0.0,0.0,0.0,112159000.0,3.044562437692341
LPX,28.62,2964948.0,4032000000.0,375700000.0,164700000.0,259100000.0,981800000.0,844000000.0,142720000.0,2.21,8.38,3.37,0.0,0.0,0.0,928000000.0,9.240996356502242
LUV,62.5,7798029.0,36541000000.0,3540000000.0,662000000.0,420000000.0,17620000000.0,14680000000.0,573020000.0,1.46,10.42,6.12,0.0,0.0,0.0,1495000000.0,8.972636208160274
LVS,60.97,4294223.0,48025000000.0,11320000000.0,615000000.0,47000000.0,15516000000.0,13052000000.0,787940000.0,1.59,12.7,4.8,0.0,0.0,0.0,2419000000.0,6.8123841916897225
MGA,56.53,1287796.0,19200000000.0,4360000000.0,6878000000.0,3379000000.0,8141000000.0,13661000000.0,345920000.0,1.26,8.56,6.54,0.0,0.0,0.0,726000000.0,5.937789084181314
MGM,28.53,8933282.0,15325000000.0,13510000000.0,583096000.0,102292000.0,19635459000.0,17449276000.0,537900000.0,1.82,8.72,3.27,0.0,0.0,0.0,1499995000.0,7.761007622234616
MIC,46.9,1523272.0,3985000000.0,3380000000.0,158152000.0,36955000.0,4659614000.0,4658248000.0,85370000.0,1.72,8.4,5.55,0.0,0.0,0.0,47121000.0,2.173813986177814
MPC,81.93,8531589.0,37600000000.0,17270000000.0,4695000000.0,5550000000.0,26443000000.0,27219000000.0,451000000.0,1.49,10.12,8.24,0.0,0.0,0.0,3011000000.0,18.91629711751663
MT,32.38,4005471.0,32179000000.000008,13520000000.0,5345000000.0,17986000000.0,36971000000.0,44442000000.0,1010000000.0,3.33,6.19,5.18,0.0,0.0,0.0,2574000000.0,8.02450495049505
NFG,56.42,1109617.0,4834000000.0,2090000000.0,144955000.0,69615000.0,4674074000.0,4399585000.0,85950000.0,0.84,12.17,4.62,0.0,0.0,0.0,555530000.0,11.326849912739966
NUE,64.41,3230227.0,20366000000.0,4290000000.0,2028545000.0,3461686000.0,5093147000.0,6756470000.0,316340000.0,1.78,12.34,5.22,0.0,0.0,0.0,949104000.0,8.023116741480685
NUGT,13.83,10354476.0,20366000000.0,4290000000.0,2028545000.0,3461686000.0,5093147000.0,6756470000.0,316340000.0,1.78,12.34,5.22,0.0,0.0,0.0,949104000.0,8.023116741480685
OGE,36.56,2244182.0,7328000000.0,3200000000.0,262900000.0,165100000.0,8293900000.0,6561600000.0,199730000.0,0.71,11.38,3.22,0.0,0.0,0.0,14400000.0,10.145821859510338
PBF,47.38,2220839.0,5790000000.0,2220000000.0,952552000.0,2213797000.0,3479213000.0,5215044000.0,119850000.0,1.43,6.43,7.44,0.0,0.0,0.0,573021000.0,5.49438881935753
PEG,52.19,4304193.0,26348000000.0,14330000000.0,1771000000.0,866000000.0,31797000000.0,28869000000.0,505320000.0,0.11,12.15,4.29,0.0,0.0,0.0,313000000.0,9.899172801393176
PPL,29.55,9851082.0,20763000000.0,22380000000.0,1324000000.0,320000000.0,33092000000.0,30718000000.0,699570000.0,0.45,14.72,2.02,0.0,0.0,0.0,485000000.0,5.734951470188831
QUAL,91.06,1055859.0,1140000000.0,1050000000.0,552500000.0,246500000.0,1377600000.0,1930000000.0,38120000.0,0.45,14.2,1.55,0.0,0.0,0.0,64300000.0,1.299186778593914
RES,15.46,1781419.0,3364000000.0,0.0,418096000.0,114866000.0,443928000.0,235527000.0,214830000.0,0.76,14.91,1.05,0.0,0.0,0.0,91050000.0,3.120867662803146
RIO,51.15,2754515.0,86399000000.0,12910000000.0,3293000000.0,3472000000.0,62093000000.0,44611000000.0,1740000000.0,1.0,9.29,5.55,0.0,0.0,0.0,10550000000.0,18.52744252873564
RIOM,51.15,2754515.0,86399000000.0,12910000000.0,3293000000.0,3472000000.0,62093000000.0,44611000000.0,1740000000.0,1.0,9.29,5.55,0.0,0.0,0.0,10550000000.0,18.52744252873564
SLCA,19.86,4183800.0,1534000000.0,1270000000.0,212586000.0,92376000.0,1154971000.0,910777000.0,77480000.0,1.86,9.84,2.01,0.0,0.0,0.0,384567000.0,10.769082343830666
THO,91.95,2630691.0,4692000000.0,80000000.0,484844000.0,460488000.0,425238000.0,981391000.0,52700000.0,1.4,10.2,8.73,0.0,0.0,0.0,223258000.0,4.952220113851992
TKC,4.7,1758992.0,4051000000.0,0.0,6203431000.0,104102000.0,9665408000.0,18937381000.0,2180000000.0,0.66,6.31,0.75,0.0,0.0,0.0,4712333000.0,0.06650653669724771
TPH,13.38,3723110.0,2016000000.0,1450000000.0,51829000.0,3105553000.0,10528000.0,1875054000.0,152040000.0,1.14,7.98,1.66,0.0,0.0,0.0,282914000.0,0.06601058931860036
TRQ,2.21,10624993.0,4413000000.0,4170000000.0,1396675000.0,274142000.0,7346972000.0,4814095000.0,2010000000.0,0.71,11.83,0.19,0.0,0.0,0.0,1444783000.0,2.5682772388059703
UVXY,36.76,10662646.0,1678000000.0,442460000.0,379159000.0,748729000.0,323794000.0,783330000.0,24960000.0,0.51,14.85,4.53,0.0,0.0,0.0,234128000.0,17.360807291666667
VIPS,6.55,11421718.0,4335000000.0,1010000000.0,5650956000.0,6960251000.0,6660825000.0,23732244000.0,661880000.0,2.38,12.67,0.52,0.0,0.0,0.0,9973891000.0,0.9379562760621261
VIV,9.63,1604418.0,16283999999.999996,1720000000.0,11152456000.0,348755000.0,33222316000.0,31921477000.0,1690000000.0,1.56,8.82,1.09,0.0,0.0,0.0,4050338000.0,8.218873668639054
VT,76.8,1614411.0,598925000.0,1130000000.0,40465000.0,22597000.0,1658993000.0,1480419000.0,118600000.0,-1.02,3.11,1.62,0.0,0.0,0.0,108452000.0,2.771275295109612
X,29.85,10670060.0,5163000000.0,2540000000.0,1379000000.0,1738000000.0,4280000000.0,6541000000.0,177220000.0,4.2,9.63,3.03,0.0,0.0,0.0,1553000000.0,6.744441936576008
XBI,97.09,3924911.0,5163000000.0,2540000000.0,1379000000.0,1738000000.0,4280000000.0,6541000000.0,177220000.0,4.2,9.63,3.03,0.0,0.0,0.0,1553000000.0,6.744441936576008
XEC,90.44,1593469.0,8805000000.0,1490000000.0,460174000.0,49722000.0,3452452000.0,2474361000.0,95360000.0,1.11,14.81,6.24,0.0,0.0,0.0,400534000.0,18.33700188758389
